
1 37.02
2 24.95
3 47.78
4 24.24
5 24.00
6 23.99
7 22.91
8 24.05
9 29.02
10 23.94
11 24.02
12 26.01
13 23.96
14 26.00
15 23.99
16 23.04
17 18.94
18 63.99
19 141.04
20 75.01
21 33.97
22 20.00
23 24.00
24 25.98
25 25.00
26 22.78
27 23.13
28 24.06
29 29.93
30 22.87
31 80.16
32 28.01
33 23.95
34 33.03
35 27.97
36 88.04
37 46.97
38 132.96
39 31.96
40 24.04
41 23.96
42 26.02
43 19.02
44 25.99
45 23.97
46 21.02
47 23.98
48 26.00
49 25.01
50 23.98
51 23.97
52 28.03
53 24.73
54 27.22
55 23.90
56 26.07
57 22.74
58 24.21
59 33.07
60 131.97
61 127.93
62 103.07
63 29.00
64 23.99
65 23.96
66 22.73
67 24.28
68 28.98
69 24.02
70 17.97
71 23.82
72 24.18
73 18.98
74 22.95
75 24.04
76 18.98
77 26.83
78 138.16
79 76.03
80 101.99
81 33.94
82 18.02
83 21.02
84 26.88
85 18.12
86 23.75
87 21.24
88 18.80
89 19.17
90 18.78
91 33.16
92 19.06
93 26.00
94 27.90
95 23.04
96 27.82
97 74.21
98 127.94
99 137.98
100 26.02
101 24.01
102 25.92
103 18.81
104 26.23
105 23.83
106 21.19
107 23.98
108 20.79
109 24.20
110 21.02
111 23.80
112 21.20
113 23.78
114 23.20
115 21.00
116 22.75
117 22.21
118 80.00
119 56.99
120 49.00
121 134.99
122 31.95
123 24.01
124 24.02
125 26.00
126 23.99
127 20.98
128 23.90
129 21.10
130 23.81
131 29.12
132 24.06
133 22.99
134 28.93
135 24.02
136 65.03
137 90.01
138 89.98
139 129.93
140 31.05
141 26.00
142 23.99
143 21.00
144 33.99
145 40.00
146 29.00
147 23.75
148 23.04
149 24.18
150 23.96
151 23.92
152 26.04
153 17.99
154 26.84
155 136.23
156 84.73
157 63.24
158 31.97
159 28.96
160 27.03
161 26.99
162 29.92
163 26.88
164 24.19
165 26.96
166 38.81
167 56.20
168 28.94
169 28.03
170 24.01
171 39.02
172 89.97
173 52.97
174 94.02
175 111.81
176 24.18
177 27.94
178 27.03
179 35.01
180 27.00
181 27.96
182 24.02
183 28.00
184 39.96
185 27.90
186 26.91
187 24.20
188 29.99
189 27.82
190 24.17
191 76.99
192 85.00
193 89.00
194 84.98
195 54.99
196 22.95
197 29.05
198 28.00
199 23.79
200 25.19
201 30.00
202 22.99
203 28.00
204 36.97
205 27.98
206 71.04
207 94.98
208 102.88
209 62.10
210 23.98
211 21.01
212 18.99
213 27.01
214 27.99
215 23.99
216 22.92
217 24.07
218 28.98
219 27.01
220 23.99
221 27.81
222 27.96
223 22.98
224 32.05
225 28.18
226 22.94
227 31.04
228 149.00
229 132.99
230 70.87
231 27.89
232 23.32
233 27.90
234 17.80
235 23.19
236 28.99
237 23.99
238 29.00
239 27.00
240 23.99
241 28.72
242 23.08
243 24.18
244 28.00
245 26.99
246 65.95
247 140.04
248 72.00
249 16.97
250 24.01
251 28.02
252 26.97
253 23.87
254 27.14
255 23.79
256 29.17
257 26.99
258 27.97
259 32.99
260 28.99
261 28.03
262 24.01
263 28.96
264 92.02
265 140.92
266 98.05
267 72.01
268 23.97
269 25.99
270 18.89
271 21.09
272 24.01
273 29.00
274 26.79
275 24.07
276 27.10
277 27.99
278 22.97
279 29.02
280 28.00
281 18.99
282 89.97
283 90.01
284 86.95
285 65.04
286 27.99
287 26.86
288 28.13
289 37.00
290 27.92
291 27.07
292 23.97
293 76.98
294 19.99
295 19.00
296 18.02
297 23.93
298 17.06
299 25.01
300 58.96
301 18.04
302 132.84
303 107.12
304 19.98
305 23.98
306 28.96
307 27.07
308 27.98
309 23.99
310 39.98
311 26.98
312 27.94
313 26.90
314 24.18
315 30.95
316 24.02
317 28.00
318 26.93
319 24.06
320 77.97
321 107.02
322 85.97
323 26.03
324 28.95
325 80.81
326 24.22
327 27.92
328 26.85
329 37.19
330 28.00
331 23.80
332 30.19
333 27.01
334 23.98
335 26.92
336 100.08
337 145.02
338 62.95
339 28.98
340 23.04
341 27.97
342 28.02
343 22.96
344 29.00
345 27.99
346 22.99
347 28.97
348 27.02
349 32.73
350 24.25
351 27.84
352 24.15
353 28.98
354 18.01
355 20.99
356 77.02
357 133.81
358 81.13
359 80.83
360 24.20
361 28.99
362 28.00
363 22.99
364 28.96
365 27.85
366 27.16
367 31.00
368 27.99
369 17.85
370 17.93
371 19.20
372 19.98
373 19.01
374 17.01
375 17.97
376 56.94
377 18.99
378 137.05
379 83.99
380 26.89
381 19.03
382 18.06
383 18.99
384 17.00
385 18.99
386 17.00
387 19.01
388 17.97
389 19.00
390 16.95
391 21.01
392 17.97
393 20.85
394 21.19
395 22.96
396 29.82
397 17.19
398 18.94
399 17.05
400 84.99
401 144.01
402 89.99
403 59.98
404 18.78
405 19.21
406 16.99
407 23.99
408 17.00
409 18.98
410 18.01
411 26.79
412 29.09
413 17.09
414 34.95
415 29.04
416 17.96
417 19.04
418 27.03
419 18.89
420 16.95
421 19.09
422 17.99
423 17.98
424 139.00
425 85.00
426 71.98
427 19.00
428 19.03
429 18.91
430 22.06
431 17.89
432 18.07
433 21.04
434 22.98
435 21.98
436 67.95
437 18.02
438 25.94
439 29.07
440 18.99
441 26.82
442 131.89
443 133.27
444 31.00
445 18.97
446 21.01
447 19.01
448 28.93
449 27.81
450 31.22
451 25.04
452 27.94
453 28.00
454 22.76
455 28.23
456 24.00
457 28.98
458 30.07
459 27.95
460 23.92
461 30.03
462 71.78
463 144.16
464 75.08
465 28.98
466 17.99
467 20.00
468 57.01
469 23.77
470 26.20
471 18.99
472 27.00
473 27.84
474 23.97
475 28.14
476 28.01
477 24.01
478 27.98
479 27.98
480 24.00
481 58.02
482 97.00
483 84.99
484 61.98
485 23.94
486 16.83
487 28.23
488 24.00
489 29.97
490 26.79
491 26.20
492 18.95
493 28.03
494 22.98
495 17.80
496 19.22
497 17.01
498 23.98
499 29.00
500 16.97
501 20.03
502 17.98
503 22.96
504 29.03
505 24.00
506 21.94
507 132.99
508 131.04
509 106.99
510 26.82
511 28.10
512 23.07
513 28.95
514 28.05
515 17.81
516 18.17
517 17.98
518 17.98
519 24.01
520 28.99
521 26.77
522 67.23
523 132.89
524 90.08
525 25.80
526 29.19
527 23.99
528 29.97
529 27.02
530 36.84
531 22.99
532 29.91
533 30.06
534 23.97
535 28.19
536 26.98
537 23.98
538 27.97
539 28.05
540 23.75
541 60.23
542 67.01
543 97.97
544 93.00
545 58.99
546 19.00
547 23.95
548 31.03
549 27.99
550 19.00
551 22.00
552 18.94
553 16.88
554 28.17
555 22.97
556 18.04
557 23.97
558 26.98
559 17.99
560 24.02
561 16.97
562 130.99
563 135.01
564 58.00
565 16.99
566 18.99
567 18.00
568 22.99
569 29.00
570 26.82
571 24.19
572 29.06
573 26.91
574 37.00
575 30.98
576 53.02
577 27.72
578 18.20
579 18.06
580 22.01
581 23.96
582 133.82
583 84.97
584 71.19
585 62.97
586 29.02
587 24.00
588 26.99
589 28.00
590 23.89
591 28.12
592 27.98
593 35.98
594 19.02
595 22.78
596 34.15
597 23.03
598 88.02
599 85.98
600 105.03
601 22.99
602 38.94
603 30.03
604 57.99
605 55.00
606 22.93
607 29.05
608 27.86
609 29.12
610 28.92
611 28.07
612 31.00
613 19.00
614 26.98
615 24.01
616 28.99
617 129.99
618 88.99
619 56.96
620 26.97
621 33.06
622 24.00
623 28.85
624 23.10
625 29.01
626 18.00
627 22.99
628 28.02
629 23.99
630 27.94
631 28.05
632 26.93
633 24.05
634 30.00
635 57.77
636 82.00
637 100.19
638 85.97
639 47.90
640 20.08
641 34.02
642 27.95
643 28.04
644 23.99
645 29.00
646 26.96
647 24.03
648 29.00
649 26.80
650 24.09
651 30.08
652 32.00
653 27.77
654 23.18
655 28.76
656 78.26
657 86.76
658 108.23
659 23.80
660 27.18
661 28.00
662 35.99
663 22.97
664 28.02
665 26.99
666 24.00
667 27.97
668 27.02
669 28.79
670 27.17
671 28.01
672 24.00
673 58.98
674 136.74
675 130.24
676 27.98
677 27.76
678 23.97
679 30.07
680 27.18
681 28.95
682 23.01
683 31.91
684 28.10
685 24.01
686 17.03
687 17.97
688 26.89
689 28.09
690 22.87
691 18.04
692 24.08
693 26.98
694 30.89
695 133.01
696 85.08
697 103.87
698 26.79
699 16.99
700 18.02
701 19.30
702 28.75
703 32.24
704 23.82
705 39.09
706 28.97
707 35.94
708 27.07
709 24.97
710 25.83
711 90.27
712 46.71
713 82.99
714 84.94
715 29.29
716 26.00
717 24.05
718 21.98
719 22.92
720 21.01
721 21.93
722 28.09
723 27.97
724 28.02
725 22.86
726 30.13
727 27.99
728 31.93
729 24.05
730 28.92
731 27.07
732 65.98
733 84.84
734 126.10
735 50.04
736 28.00
737 49.00
738 44.95
739 18.98
740 24.04
741 27.99
742 18.00
743 21.97
744 27.02
745 18.01
746 17.99
747 24.00
748 16.83
749 19.13
750 78.02
751 130.99
752 110.93
753 27.02
754 27.99
755 22.78
756 28.24
757 27.98
758 22.99
759 27.98
760 21.03
761 20.71
762 18.18
763 19.06
764 27.00
765 23.74
766 40.22
767 29.01
768 26.72
769 24.25
770 28.86
771 61.89
772 143.17
773 112.07
774 23.97
775 27.00
776 23.00
777 24.79
778 28.11
779 28.01
780 24.75
781 28.25
782 22.79
783 28.21
784 26.99
785 24.00
786 26.99
787 34.00
788 34.99
789 58.98
790 75.89
791 73.08
792 82.92
793 28.14
794 23.93
795 26.77
796 28.24
797 23.00
798 28.01
799 28.01
800 23.99
801 27.00
802 26.99
803 23.99
804 31.00
805 29.89
806 28.08
807 23.98
808 37.03
809 125.96
810 136.96
811 89.06
812 20.00
813 31.82
814 23.93
815 29.24
816 26.96
817 24.02
818 21.95
819 23.97
820 28.80
821 27.25
822 24.03
823 28.97
824 27.00
825 84.86
826 85.13
827 107.98
828 27.93
829 28.04
830 23.96
831 27.05
832 27.99
833 23.76
834 30.25
835 16.99
836 18.99
837 28.00
838 22.91
839 28.07
840 26.93
841 36.04
842 24.01
843 28.01
844 26.99
845 25.47
846 82.47
847 127.00
848 113.99
849 26.99
850 38.00
851 28.98
852 22.98
853 28.97
854 30.02
855 24.01
856 27.75
857 27.04
858 23.16
859 31.02
860 27.99
861 22.99
862 27.00
863 27.98
864 66.80
865 128.23
866 86.70
867 42.29
868 17.97
869 16.70
870 25.02
871 83.03
872 28.14
873 37.03
874 28.03
875 19.98
876 28.00
877 26.99
878 19.00
879 26.95
880 28.08
881 23.87
882 27.11
883 133.96
884 18.76
885 80.15
886 73.89
887 19.21
888 24.00
889 28.95
890 26.76
891 24.26
892 29.74
893 28.20
894 22.99
895 38.00
896 27.73
897 28.31
898 27.90
899 22.84
900 30.20
901 27.97
902 35.98
903 130.04
904 124.85
905 76.11
906 30.00
907 37.01
908 22.94
909 29.03
910 27.80
911 36.19
912 23.98
913 28.03
914 27.75
915 24.24
916 26.96
917 28.85
918 51.16
919 68.98
920 128.93
921 81.08
922 23.95
923 27.06
924 27.92
925 22.93
926 29.09
927 27.94
928 23.04
929 28.99
930 16.73
931 24.11
932 30.15
933 27.99
934 23.85
935 27.14
936 28.00
937 87.97
938 133.85
939 111.16
940 26.76
941 26.02
942 26.91
943 23.99
944 28.06
945 27.92
946 23.02
947 33.00
948 21.00
949 21.99
950 29.01
951 26.98
952 24.00
953 38.96
954 61.05
955 129.99
956 106.01
957 26.97
958 26.98
959 24.06
960 28.95
961 27.00
962 24.03
963 30.96
964 28.02
965 22.92
966 30.56
967 25.25
968 23.25
969 78.08
970 27.85
971 37.25
972 86.69
973 98.07
974 107.23
975 18.98
976 23.80
977 32.14
978 18.04
979 23.84
980 25.89
981 27.16
982 34.12
983 30.73
984 23.25
985 34.92
986 22.83
987 24.05
988 24.95
989 23.05
990 21.98
991 24.88
992 28.30
993 85.95
994 91.81
995 100.00
996 33.11
997 30.00
998 29.09
999 26.94
1000 66.02
1001 28.98
1002 24.03
1003 30.00
1004 27.92
1005 24.05
1006 27.00
1007 26.99
1008 24.00
1009 17.95
1010 17.81
1011 18.20
1012 19.03
1013 27.89
1014 32.08
1015 138.99
1016 128.99
1017 32.92
1018 23.05
1019 29.01
1020 28.01
1021 27.00
1022 29.00
1023 23.92
1024 27.05
1025 27.99
1026 23.80
1027 30.17
1028 27.99
1029 28.03
1030 66.00
1031 86.96
1032 137.91
1033 65.07
1034 27.99
1035 27.02
1036 19.99
1037 30.98
1038 28.82
1039 27.95
1040 24.22
1041 27.91
1042 23.02
1043 28.01
1044 27.89
1045 28.13
1046 22.99
1047 30.01
1048 22.74
1049 29.25
1050 57.71
1051 135.23
1052 90.04
1053 26.99
1054 17.99
1055 28.99
1056 17.99
1057 20.99
1058 27.00
1059 24.02
1060 27.97
1061 16.76
1062 24.20
1063 31.01
1064 23.76
1065 28.18
1066 27.06
1067 23.94
1068 27.03
1069 58.77
1070 139.22
1071 122.00
1072 54.98
1073 24.00
1074 27.76
1075 27.21
1076 22.83
1077 28.15
1078 28.02
1079 24.89
1080 26.92
1081 28.16
1082 36.01
1083 23.99
1084 26.99
1085 26.81
1086 67.99
1087 86.19
1088 132.99
1089 31.01
1090 23.67
1091 17.25
1092 23.99
1093 16.80
1094 24.26
1095 29.00
1096 21.96
1097 23.94
1098 17.82
1099 24.24
1100 27.99
1101 27.79
1102 51.21
1103 24.01
1104 28.95
1105 26.78
1106 24.22
1107 28.93
1108 19.94
1109 99.94
1110 130.91
1111 101.26
1112 29.01
1113 27.99
1114 23.00
1115 27.99
1116 27.00
1117 23.99
1118 29.00
1119 26.91
1120 24.05
1121 18.03
1122 23.00
1123 20.90
1124 24.07
1125 33.02
1126 17.92
1127 67.06
1128 90.00
1129 51.96
1130 55.01
1131 72.01
1132 17.82
1133 33.10
1134 59.07
1135 17.95
1136 28.04
1137 16.99
1138 18.95
1139 27.01
1140 22.79
1141 27.18
1142 17.81
1143 24.23
1144 27.94
1145 132.93
1146 174.04
1147 27.04
1148 23.99
1149 30.03
1150 27.75
1151 23.22
1152 28.02
1153 16.96
1154 23.83
1155 23.04
1156 28.14
1157 27.99
1158 26.95
1159 24.04
1160 17.76
1161 23.09
1162 29.14
1163 26.97
1164 24.02
1165 27.98
1166 87.98
1167 136.95
1168 134.07
1169 33.91
1170 28.07
1171 23.95
1172 27.03
1173 23.92
1174 28.07
1175 27.00
1176 23.99
1177 26.98
1178 27.97
1179 24.03
1180 26.84
1181 29.96
1182 29.17
1183 65.01
1184 75.67
1185 131.09
1186 35.22
1187 24.00
1188 28.99
1189 23.97
1190 30.01
1191 29.00
1192 37.99
1193 23.90
1194 29.06
1195 26.98
1196 24.02
1197 28.00
1198 28.98
1199 28.00
1200 79.00
1201 133.67
1202 139.07
1203 32.06
1204 23.15
1205 28.01
1206 27.88
1207 23.10
1208 29.01
1209 28.00
1210 25.74
1211 32.04
1212 29.16
1213 28.02
1214 23.81
1215 29.14
1216 78.05
1217 86.99
1218 86.98
1219 67.00
1220 19.00
1221 23.98
1222 27.81
1223 28.14
1224 19.03
1225 27.03
1226 17.99
1227 26.69
1228 28.28
1229 26.81
1230 24.19
1231 28.99
1232 78.01
1233 30.77
1234 28.22
1235 23.88
1236 29.03
1237 25.96
1238 84.07
1239 83.96
1240 69.04
1241 62.99
1242 19.99
1243 23.95
1244 27.03
1245 18.00
1246 23.99
1247 27.97
1248 24.02
1249 29.99
1250 18.00
1251 22.99
1252 39.73
1253 28.25
1254 20.76
1255 25.24
1256 28.84
1257 17.12
1258 89.02
1259 84.00
1260 114.96
1261 25.99
1262 18.99
1263 25.97
1264 68.00
1265 58.01
1266 24.03
1267 24.00
1268 22.69
1269 28.08
1270 24.17
1271 20.94
1272 32.84
1273 31.24
1274 84.95
1275 82.81
1276 109.13
1277 19.07
1278 35.99
1279 23.93
1280 28.99
1281 27.05
1282 24.91
1283 30.06
1284 30.98
1285 19.00
1286 26.97
1287 28.04
1288 28.71
1289 23.27
1290 26.81
1291 23.89
1292 29.24
1293 27.00
1294 130.02
1295 128.98
1296 66.01
1297 19.00
1298 26.88
1299 28.08
1300 26.98
1301 23.99
1302 29.04
1303 23.93
1304 28.05
1305 27.92
1306 24.06
1307 27.97
1308 28.03
1309 23.97
1310 30.01
1311 27.88
1312 39.11
1313 141.99
1314 132.99
1315 29.98
1316 23.94
1317 27.08
1318 32.94
1319 33.85
1320 26.94
1321 27.99
1322 36.24
1323 24.01
1324 27.98
1325 27.94
1326 32.06
1327 23.99
1328 28.98
1329 130.76
1330 143.17
1331 86.06
1332 18.85
1333 23.12
1334 28.77
1335 38.17
1336 27.03
1337 23.97
1338 27.84
1339 27.18
1340 25.78
1341 29.18
1342 28.00
1343 30.94
1344 24.94
1345 29.10
1346 26.82
1347 24.17
1348 111.89
1349 86.09
1350 88.75
1351 24.20
1352 26.78
1353 28.26
1354 23.92
1355 26.87
1356 19.91
1357 27.27
1358 29.96
1359 26.94
1360 24.09
1361 59.74
1362 54.24
1363 134.99
1364 134.97
1365 23.02
1366 27.86
1367 17.11
1368 19.01
1369 28.00
1370 22.78
1371 23.21
1372 24.00
1373 27.97
1374 27.82
1375 24.18
1376 27.72
1377 27.02
1378 23.03
1379 29.17
1380 28.01
1381 24.00
1382 28.00
1383 27.99
1384 22.74
1385 29.22
1386 89.00
1387 104.77
1388 83.18
1389 28.06
1390 23.98
1391 28.98
1392 38.02
1393 38.94
1394 30.06
1395 23.99
1396 28.99
1397 26.95
1398 27.94
1399 23.07
1400 29.01
1401 38.98
1402 24.01
1403 27.99
1404 62.96
1405 126.04
1406 81.99
1407 22.98
1408 28.00
1409 27.01
1410 23.99
1411 28.01
1412 26.74
1413 36.24
1414 24.00
1415 28.97
1416 27.01
1417 30.00
1418 26.00
1419 28.97
1420 28.00
1421 22.93
1422 27.91
1423 24.12
1424 27.72
1425 132.25
1426 102.95
1427 81.96
1428 57.86
1429 18.19
1430 19.05
1431 26.99
1432 18.00
1433 18.98
1434 26.95
1435 19.06
1436 17.00
1437 27.96
1438 19.02
1439 26.97
1440 23.99
1441 17.00
1442 67.02
1443 126.82
1444 111.11
1445 38.02
1446 18.73
1447 20.20
1448 17.05
1449 23.99
1450 16.96
1451 18.97
1452 17.78
1453 23.26
1454 27.97
1455 16.99
1456 18.90
1457 22.00
1458 23.05
1459 35.76
1460 18.25
1461 24.97
1462 17.02
1463 27.96
1464 27.97
1465 27.95
1466 18.06
1467 93.77
1468 96.95
1469 132.07
1470 76.97
1471 30.01
1472 28.00
1473 18.17
1474 17.00
1475 22.02
1476 24.82
1477 27.17
1478 23.91
1479 27.03
1480 27.99
1481 24.04
1482 39.92
1483 26.87
1484 133.24
1485 75.96
1486 73.99
1487 22.99
1488 27.91
1489 31.10
1490 18.77
1491 29.21
1492 22.98
1493 29.00
1494 27.97
1495 23.00
1496 27.77
1497 43.99
1498 57.10
1499 28.93
1500 30.01
1501 65.16
1502 88.98
1503 84.75
1504 71.29
1505 18.70
1506 25.99
1507 19.00
1508 27.18
1509 24.10
1510 17.71
1511 22.96
1512 30.32
1513 28.92
1514 27.94
1515 18.00
1516 27.95
1517 24.12
1518 27.01
1519 16.93
1520 23.06
1521 18.99
1522 31.00
1523 56.99
1524 91.98
1525 130.02
1526 29.70
1527 29.26
1528 27.02
1529 35.86
1530 67.12
1531 22.79
1532 17.93
1533 24.28
1534 26.82
1535 30.92
1536 19.19
1537 16.85
1538 25.14
1539 27.00
1540 26.88
1541 19.11
1542 90.03
1543 45.96
1544 88.02
1545 51.81
1546 81.16
1547 23.00
1548 20.97
1549 24.02
1550 25.87
1551 24.12
1552 29.03
1553 23.97
1554 20.86
1555 27.89
1556 23.20
1557 27.99
1558 26.99
1559 23.99
1560 29.98
1561 28.92
1562 194.02
