
1 51.85
2 61.39
3 124.74
4 77.92
5 126.50
6 129.55
7 111.88
8 199.93
9 65.97
10 118.00
11 125.97
12 127.00
13 133.00
14 128.14
15 65.83
16 127.08
17 62.95
18 131.91
19 118.06
20 138.07
21 194.90
22 110.92
23 64.51
24 75.46
25 118.07
26 138.86
27 122.02
28 65.78
29 130.24
30 185.98
31 119.02
32 74.05
33 117.00
34 72.93
35 117.89
36 77.11
37 123.00
38 135.83
39 57.99
40 123.86
41 135.11
42 126.98
43 125.11
44 115.06
45 80.79
46 124.18
47 129.84
48 120.07
49 131.95
50 114.97
51 71.97
52 125.95
53 131.11
54 125.90
55 83.99
56 75.98
57 73.02
58 56.97
59 58.87
60 79.99
61 35.01
62 106.97
63 80.97
64 74.11
65 45.88
66 79.97
67 75.98
68 58.01
69 62.12
70 71.60
71 52.36
72 54.89
73 53.01
74 75.03
75 117.11
76 98.88
77 158.88
78 20.97
79 120.72
80 89.57
81 107.69
82 23.99
83 70.02
84 123.95
85 100.02
86 71.98
87 122.92
88 73.05
89 133.93
90 131.00
91 19.95
92 187.06
93 48.98
94 110.93
95 143.13
96 39.88
97 151.92
98 46.42
99 88.63
100 25.07
101 77.88
102 124.92
103 136.01
104 48.98
105 88.97
106 93.24
107 74.75
108 58.99
109 133.03
110 25.68
111 131.19
112 154.01
113 33.01
114 126.95
115 145.00
116 46.04
117 76.89
118 113.69
119 70.40
120 34.92
121 146.02
122 50.03
123 103.85
124 72.01
125 118.52
126 119.45
127 68.97
128 110.03
129 87.95
130 176.02
131 60.06
132 95.96
133 72.92
134 96.95
135 126.00
136 54.00
137 106.00
138 45.04
139 157.91
140 118.00
141 115.10
142 90.92
143 88.97
144 29.09
145 70.88
146 99.89
147 128.98
148 56.03
149 128.93
150 84.05
151 107.90
152 64.07
153 124.93
154 22.99
155 85.04
156 109.98
157 84.91
158 93.11
159 120.94
160 59.06
161 118.92
162 76.98
163 116.92
164 83.10
165 58.91
166 71.98
167 114.92
168 77.99
169 134.96
170 137.07
171 106.90
172 162.01
173 128.02
174 132.94
175 119.21
176 66.83
177 130.00
178 79.99
179 93.93
180 75.11
181 52.85
182 167.03
183 74.93
184 119.95
185 79.01
186 144.96
187 115.40
188 130.64
189 30.95
190 125.95
191 44.08
192 100.88
193 61.15
194 75.94
195 99.97
196 119.89
197 78.02
198 124.32
199 72.70
200 138.00
201 81.95
202 63.00
203 99.93
204 44.03
205 160.96
206 113.95
207 84.96
208 88.98
209 49.02
210 96.04
211 49.91
212 132.32
213 124.83
214 103.90
215 143.96
216 47.99
217 96.28
218 85.75
219 161.88
220 67.02
221 144.91
222 39.00
223 77.99
224 132.98
225 101.98
226 60.00
227 139.94
228 64.27
229 91.71
230 142.05
231 66.00
232 133.99
233 63.05
234 184.02
235 59.79
236 63.06
237 28.07
238 48.96
239 124.85
240 74.00
241 143.98
242 154.44
243 120.49
244 123.02
245 88.98
246 69.06
247 141.90
248 121.09
249 137.87
250 51.09
251 79.88
252 106.06
253 105.99
254 92.03
255 112.86
256 51.99
257 143.04
258 151.89
259 28.06
260 138.99
261 56.96
262 179.95
263 63.99
264 94.95
265 137.98
266 38.05
267 111.90
268 53.03
269 110.34
270 40.62
271 108.08
272 55.99
273 120.90
274 93.98
275 97.05
276 123.03
277 96.89
278 94.03
279 61.20
280 97.72
281 153.96
282 77.00
283 122.97
284 128.96
285 115.09
286 67.98
287 180.41
288 59.56
289 80.90
290 154.15
291 129.95
292 74.01
293 125.89
294 24.03
295 152.00
296 38.88
297 160.15
298 23.91
299 113.93
300 63.05
301 118.18
302 80.73
303 141.76
304 100.28
305 158.92
306 43.99
307 83.98
308 113.91
309 106.04
310 95.04
311 109.96
312 58.95
313 119.11
314 114.80
315 116.05
316 134.93
317 32.21
318 123.82
319 59.92
320 81.98
321 107.00
322 121.05
323 66.96
324 125.97
325 41.00
326 141.94
327 21.06
328 121.94
329 58.00
330 106.95
331 42.50
332 94.56
333 81.98
334 73.03
335 114.87
336 119.06
337 96.03
338 115.96
339 102.99
340 82.85
341 111.01
342 96.14
343 103.87
344 86.97
345 169.94
346 99.02
347 51.92
348 152.99
349 42.07
350 89.96
351 63.92
352 116.03
353 44.10
354 130.92
355 22.94
356 87.18
357 121.76
358 126.11
359 69.94
360 134.87
361 55.99
362 117.75
363 163.34
364 19.91
365 125.96
366 118.38
367 76.66
368 119.97
369 63.96
370 180.04
371 23.07
372 122.76
373 61.20
374 86.84
375 33.13
376 128.97
377 103.90
378 100.07
379 61.84
380 129.02
381 80.91
382 126.98
383 88.14
384 82.87
385 116.96
386 55.99
387 115.97
388 44.12
389 134.07
390 52.03
391 101.80
392 145.92
393 65.94
394 143.01
395 122.06
396 90.20
397 131.74
398 49.95
399 107.16
400 168.79
401 131.00
402 75.05
403 100.98
404 24.98
405 141.96
406 33.96
407 125.07
408 133.96
409 48.99
410 106.14
411 109.81
412 133.98
413 51.42
414 149.57
415 20.98
416 115.98
417 71.98
418 125.02
419 75.01
420 55.94
421 149.90
422 38.15
423 75.95
424 114.86
425 98.09
426 111.99
427 91.04
428 110.89
429 74.09
430 133.95
431 63.00
432 137.96
433 52.83
434 89.15
435 124.90
436 99.10
437 78.85
438 44.00
439 152.99
440 128.52
441 74.44
442 89.93
443 39.98
444 110.97
445 94.07
446 95.00
447 106.05
448 71.98
449 146.89
450 100.04
451 64.00
452 70.99
453 101.00
454 124.90
455 122.01
456 110.95
457 103.08
458 163.24
459 45.61
460 153.01
461 127.10
462 75.83
463 140.07
464 118.98
465 136.99
466 26.06
467 114.91
468 76.91
469 85.06
470 59.01
471 138.96
472 63.97
473 136.87
474 46.26
475 91.73
476 95.97
477 82.03
478 78.08
479 65.96
480 140.02
481 32.00
482 100.93
483 22.95
484 75.10
485 114.85
486 76.05
487 78.04
488 49.85
489 80.08
490 128.00
491 98.87
492 143.07
493 19.99
494 125.01
495 55.95
496 118.10
497 81.94
498 127.89
499 71.08
500 99.98
501 57.92
502 58.99
503 130.01
504 51.92
505 106.96
506 148.14
507 126.89
508 73.98
509 129.92
510 174.01
511 101.07
512 44.96
513 142.87
514 47.05
515 105.10
516 90.93
517 97.90
518 118.49
519 72.48
520 119.99
521 67.04
522 76.96
523 117.11
524 94.88
525 125.91
526 167.08
527 44.00
528 99.86
529 81.13
530 173.15
531 139.75
532 87.88
533 70.19
534 39.89
535 161.99
536 92.88
537 45.98
538 103.01
539 87.96
540 65.04
541 59.08
542 91.93
543 76.02
544 139.95
545 89.01
546 38.00
547 127.07
548 41.76
549 141.99
550 46.10
551 89.06
552 86.86
553 137.97
554 95.03
555 76.02
556 118.99
557 79.99
558 119.02
559 78.89
560 111.93
561 89.05
562 123.98
563 66.07
564 107.85
565 120.01
566 50.97
567 125.00
568 120.93
569 55.06
570 127.89
571 130.10
572 61.99
573 78.96
574 122.98
575 41.95
576 98.93
577 148.07
578 27.07
579 160.96
580 124.83
581 66.98
582 156.04
583 109.08
584 61.02
585 126.96
586 85.97
587 104.93
588 160.89
589 23.03
590 149.04
591 132.01
592 47.00
593 80.92
594 29.99
595 137.94
596 58.00
597 76.11
598 68.95
599 100.86
600 120.01
601 29.99
602 73.89
603 96.11
604 27.97
605 78.10
606 73.92
607 37.98
608 123.02
609 131.88
610 56.95
611 65.07
612 68.91
613 120.96
614 19.99
615 115.98
616 71.05
617 176.94
618 57.13
619 149.95
620 127.86
621 120.01
622 126.98
